/ihome/crc/install/python/miniconda3-3.7/lib/python3.7/site-packages/sklearn/feature_extraction/text.py:17: DeprecationWarning: Using or importing the ABCs from 'collections' instead of from 'collections.abc' is deprecated, and in 3.8 it will stop working
  from collections import Mapping, defaultdict
/ihome/crc/install/python/miniconda3-3.7/lib/python3.7/site-packages/sklearn/model_selection/_split.py:605: Warning: The least populated class in y has only 1 members, which is too few. The minimum number of members in any class cannot be less than n_splits=5.
  % (min_groups, self.n_splits)), Warning)
best parameters: {'nb__alpha': 0.25, 'nb__fit_prior': False, 'tfidf__lowercase': True, 'tfidf__max_features': 1000, 'tfidf__ngram_range': (1, 1), 'tfidf__stop_words': 'english'}
best mean accuracy: 0.93
[0.79 0.78 0.83 0.76 0.83 0.77 0.83 0.77 0.73 0.76 0.8  0.77 0.8  0.77
 0.8  0.77 0.71 0.71 0.73 0.77 0.73 0.75 0.73 0.75 0.78 0.77 0.82 0.77
 0.84 0.77 0.84 0.77 0.8  0.8  0.8  0.75 0.8  0.76 0.81 0.76 0.79 0.78
 0.81 0.75 0.81 0.76 0.81 0.76 0.81 0.84 0.84 0.81 0.84 0.81 0.84 0.81
 0.75 0.81 0.8  0.82 0.81 0.82 0.81 0.82 0.72 0.73 0.75 0.79 0.75 0.78
 0.75 0.78 0.85 0.83 0.85 0.84 0.85 0.83 0.85 0.83 0.82 0.81 0.81 0.8
 0.81 0.81 0.81 0.81 0.79 0.8  0.81 0.78 0.81 0.77 0.82 0.77 0.72 0.5
 0.79 0.54 0.79 0.54 0.79 0.54 0.67 0.5  0.75 0.51 0.75 0.51 0.75 0.51
 0.64 0.5  0.72 0.51 0.72 0.51 0.72 0.51 0.68 0.5  0.72 0.51 0.72 0.51
 0.72 0.51 0.65 0.5  0.73 0.5  0.73 0.51 0.73 0.51 0.59 0.5  0.68 0.5
 0.68 0.5  0.68 0.5  0.93 0.56 0.93 0.59 0.93 0.59 0.93 0.59 0.89 0.51
 0.9  0.54 0.9  0.54 0.91 0.54 0.88 0.51 0.88 0.54 0.88 0.54 0.88 0.54
 0.87 0.52 0.88 0.6  0.88 0.61 0.88 0.61 0.84 0.51 0.84 0.55 0.84 0.56
 0.84 0.56 0.84 0.5  0.84 0.51 0.84 0.52 0.84 0.52 0.62 0.5  0.63 0.5
 0.63 0.51 0.63 0.51 0.57 0.5  0.6  0.5  0.6  0.5  0.61 0.5  0.55 0.5
 0.59 0.5  0.59 0.5  0.59 0.5  0.55 0.5  0.56 0.5  0.56 0.5  0.56 0.5
 0.54 0.5  0.56 0.5  0.56 0.5  0.56 0.5  0.51 0.5  0.55 0.5  0.56 0.5
 0.56 0.5  0.88 0.5  0.88 0.53 0.88 0.53 0.88 0.53 0.84 0.5  0.86 0.51
 0.86 0.51 0.86 0.51 0.83 0.5  0.85 0.5  0.85 0.5  0.85 0.5  0.83 0.5
 0.82 0.51 0.82 0.51 0.82 0.51 0.81 0.5  0.82 0.5  0.82 0.5  0.82 0.5
 0.77 0.5  0.82 0.5  0.82 0.5  0.82 0.5  0.57 0.5  0.59 0.5  0.59 0.5
 0.59 0.5  0.55 0.5  0.55 0.5  0.55 0.5  0.55 0.5  0.54 0.5  0.55 0.5
 0.55 0.5  0.55 0.5  0.51 0.5  0.53 0.5  0.53 0.5  0.53 0.5  0.5  0.5
 0.51 0.5  0.51 0.5  0.51 0.5  0.5  0.5  0.5  0.5  0.5  0.5  0.5  0.5
 0.85 0.5  0.85 0.51 0.85 0.51 0.85 0.51 0.81 0.5  0.85 0.5  0.85 0.5
 0.85 0.5  0.8  0.5  0.82 0.5  0.82 0.5  0.82 0.5  0.77 0.5  0.78 0.5
 0.78 0.5  0.78 0.5  0.75 0.5  0.8  0.5  0.8  0.5  0.8  0.5  0.71 0.5
 0.77 0.5  0.76 0.5  0.76 0.5  0.55 0.5  0.56 0.5  0.56 0.5  0.56 0.5
 0.53 0.5  0.55 0.5  0.55 0.5  0.55 0.5  0.52 0.5  0.53 0.5  0.53 0.5
 0.53 0.5  0.5  0.5  0.5  0.5  0.5  0.5  0.5  0.5  0.5  0.5  0.5  0.5
 0.5  0.5  0.5  0.5  0.5  0.5  0.5  0.5  0.5  0.5  0.5  0.5  0.83 0.5
 0.85 0.51 0.85 0.51 0.85 0.51 0.8  0.5  0.83 0.5  0.83 0.5  0.83 0.5
 0.78 0.5  0.82 0.5  0.81 0.5  0.81 0.5  0.73 0.5  0.76 0.5  0.76 0.5
 0.76 0.5  0.71 0.5  0.76 0.5  0.76 0.5  0.76 0.5  0.68 0.5  0.71 0.5
 0.7  0.5  0.71 0.5 ]
